keyword,category,priority
home insurance quotes comparison,Coverage Basics,high
how much does homeowners insurance cost,Coverage Basics,high
what does homeowners insurance cover,Coverage Basics,high
cheap homeowners insurance,Shopping Tips,high
best homeowners insurance companies,Shopping Tips,high
home insurance for first time buyers,Shopping Tips,high
homeowners insurance deductible explained,Coverage Basics,high
home insurance coverage limits guide,Coverage Basics,high
home insurance vs renters insurance,Coverage Basics,high
home insurance dwelling coverage,Coverage Basics,high
how to lower homeowners insurance cost,Shopping Tips,high
home insurance liability coverage,Coverage Basics,high
homeowners insurance for older homes,Coverage Basics,high
home insurance flood coverage,Special Coverage,high
homeowners insurance claim process,Claims,high
home insurance calculator,Shopping Tips,high
homeowners insurance shopping tips,Shopping Tips,high
home insurance bundling discount,Shopping Tips,high
homeowners insurance personal property coverage,Coverage Basics,high
home insurance replacement cost vs actual cash value,Coverage Basics,high
does home insurance cover roof damage,Claims,high
home insurance earthquake coverage,Special Coverage,high
homeowners insurance after filing a claim,Claims,high
how to switch home insurance,Shopping Tips,high
home insurance for investment property,Property Types,high
homeowners insurance premium explained,Coverage Basics,high
home insurance in florida,State Guides,high
home insurance in california,State Guides,high
home insurance in texas,State Guides,high
home insurance umbrella policy,Special Coverage,high
homeowners insurance dog bite coverage,Liability,high
home insurance water damage coverage,Claims,high
homeowners insurance mold coverage,Claims,high
home insurance mandatory vs optional coverage,Coverage Basics,high
homeowners insurance surcharges,Cost Factors,high
home insurance security system discount,Shopping Tips,high
home insurance credit score impact,Cost Factors,high
home insurance for new construction,Property Types,high
homeowners insurance fire coverage,Coverage Basics,high
home insurance tree damage,Claims,high
home insurance extended replacement cost,Coverage Basics,medium
home insurance ordinance or law coverage,Coverage Basics,medium
loss of use coverage home insurance,Coverage Basics,medium
homeowners insurance identity theft coverage,Special Coverage,medium
home insurance jewelry coverage,Personal Property,medium
home insurance garage door coverage,Claims,medium
home insurance sewer backup coverage,Special Coverage,medium
homeowners insurance hurricane coverage,Special Coverage,medium
home insurance hail damage claim,Claims,medium
home insurance neighbor damage liability,Liability,medium
homeowners insurance after marriage,Life Events,medium
home insurance after divorce,Life Events,medium
home insurance coverage for airbnb rentals,Property Types,medium
home insurance frozen pipes,Claims,medium
home insurance ice dam coverage,Claims,medium
homeowners insurance roof age restrictions,Cost Factors,medium
home insurance discount programs,Shopping Tips,medium
multi-policy discount insurance,Shopping Tips,medium
home insurance loyalty discount,Shopping Tips,medium
home insurance military discount,Shopping Tips,medium
homeowners insurance new roof discount,Cost Factors,medium
home insurance shopping mistakes to avoid,Shopping Tips,medium
home insurance exclusions list,Coverage Basics,medium
homeowners insurance named perils vs open perils,Coverage Basics,medium
actual cash value explained,Coverage Basics,medium
replacement cost value explained,Coverage Basics,medium
homeowners insurance inflation guard,Coverage Basics,medium
home insurance coverage gap,Coverage Basics,medium
home insurance sublimits,Coverage Basics,medium
homeowners insurance total loss,Claims,medium
homeowners insurance detached garage coverage,Property Types,medium
home insurance fence coverage,Property Types,medium
home insurance swimming pool liability,Liability,medium
home insurance trampoline exclusion,Liability,medium
homeowners insurance at closing,Shopping Tips,medium
escrow and home insurance,Cost Factors,medium
mortgage lender insurance requirements,Cost Factors,medium
lender placed insurance,Cost Factors,medium
home insurance after refinancing,Life Events,medium
home insurance endorsements explained,Coverage Basics,medium
home insurance riders guide,Coverage Basics,medium
scheduled personal property insurance,Personal Property,medium
home insurance electronics coverage,Personal Property,medium
home insurance bicycle coverage,Personal Property,medium
home insurance collectibles coverage,Personal Property,medium
home insurance fine art coverage,Personal Property,medium
homeowners insurance for landlords,Property Types,medium
rental property coverage options,Property Types,medium
landlord insurance vs homeowners,Property Types,medium
dwelling fire policy explained,Property Types,medium
home insurance claims statistics,Claims,medium
home insurance dispute resolution,Claims,medium
appraisal clause home insurance,Claims,medium
homeowners insurance vs home warranty,Coverage Basics,medium
home warranty vs insurance difference,Coverage Basics,medium
homeowners insurance for condos,Property Types,medium
condo insurance explained,Property Types,medium
HOA master policy and condo coverage,Property Types,medium
condo walls-in coverage,Property Types,medium
mobile home insurance guide,Property Types,medium
manufactured home coverage,Property Types,medium
vacant home insurance,Property Types,medium
unoccupied home insurance,Property Types,medium
seasonal home insurance,Property Types,medium
HO-3 policy explained,Coverage Basics,medium
HO-5 policy benefits,Coverage Basics,medium
HO-8 older home insurance,Coverage Basics,medium
insurance policy declarations page,Coverage Basics,medium
homeowners insurance binder,Shopping Tips,medium
home insurance cancellation policy,Coverage Basics,medium
home insurance wildfire risk,Special Coverage,medium
FAIR plan insurance explained,Special Coverage,medium
home security ratings and insurance,Cost Factors,medium
fortified home program insurance,Cost Factors,medium
smart home insurance discounts,Shopping Tips,medium
water leak sensor insurance discount,Shopping Tips,medium
home insurance history overview,General Info,low
who regulates home insurance,General Info,low
home insurance market trends 2024,General Info,low
homeowners insurance statistics,General Info,low
average home insurance cost by state,State Guides,low
home insurance company ratings explained,Shopping Tips,low
AM Best ratings for insurance,Shopping Tips,low
homeowners insurance reviews how to read,Shopping Tips,low
home insurance complaint ratios,Shopping Tips,low
insurance company financial strength,Shopping Tips,low
reinsurance explained simple,General Info,low
home insurance actuaries role,General Info,low
underwriting process home insurance,General Info,low
home insurance risk factors,Cost Factors,low
construction type and insurance cost,Cost Factors,low
home insurance frame vs masonry,Cost Factors,low
home insurance windstorm risk,Special Coverage,low
homeowners insurance myths debunked,General Info,low
home insurance reddit questions answered,General Info,low
does home insurance cover appliances,Coverage Basics,low
home insurance black mold coverage,Claims,low
home insurance depreciation explained,Claims,low
home insurance guaranteed replacement cost,Coverage Basics,low
extended dwelling coverage explained,Coverage Basics,low
inflation coverage clause,Coverage Basics,low
ordinance upgrade coverage,Coverage Basics,low
what is an insurance deductible,Coverage Basics,low
what is an insurance premium,Coverage Basics,low
insurance agent vs broker difference,Shopping Tips,low
independent insurance agent benefits,Shopping Tips,low
how insurance companies make money,General Info,low
home insurance loss ratio,General Info,low
home insurance availability crisis,General Info,low
home insurance nonrenewal rights,Coverage Basics,low
dog breeds and home insurance,Liability,low
swimming pool fence requirements insurance,Liability,low
IBHS home ratings,Cost Factors,low
resilient home construction insurance,Cost Factors,low
LEED certified home insurance discount,Cost Factors,low
homeowners insurance IoT devices,Shopping Tips,low
home insurance glossary terms,General Info,low
insurance agent vs direct insurer,Shopping Tips,low
credit union home insurance,Shopping Tips,low
state farm homeowners insurance review,Shopping Tips,low
allstate home insurance review,Shopping Tips,low
liberty mutual home insurance review,Shopping Tips,low
nationwide home insurance review,Shopping Tips,low
USAA home insurance eligibility,Shopping Tips,low
auto home bundle discount explained,Shopping Tips,low
home insurance deductible vs premium tradeoff,Cost Factors,low
home insurance first notice of loss,Claims,low
public adjuster role claims,Claims,low
insurance adjuster visit preparation,Claims,low
home inventory for insurance claims,Claims,low
documenting home contents insurance,Claims,low
temporary living costs insurance,Claims,low
additional living expenses coverage,Claims,low
homeowners insurance after natural disaster,Claims,low
state insurance commissioner role,General Info,low
home insurance bad faith claims,Claims,low
insurance ombudsman process,General Info,low
home insurance coinsurance clause,Coverage Basics,low
home insurance constructive total loss,Claims,low
farm homeowners insurance,Property Types,low
country property home insurance,Property Types,low
home insurance rural property,Property Types,low
modular home insurance,Property Types,low
HO-1 policy type,Coverage Basics,low
HO-2 policy type,Coverage Basics,low
HO-4 renters insurance type,Coverage Basics,low
HO-6 condo insurance type,Coverage Basics,low
how to file a home insurance claim,claims,high
how to lower your home insurance premium,premiums,high
does home insurance cover roof leaks,coverage,high
home insurance vs home warranty explained,policies,high
what is dwelling coverage in home insurance,coverage,high
how much home insurance do i need,coverage,high
does homeowners insurance cover water damage,coverage,high
best home insurance for new homeowners,policies,high
how to choose a home insurance deductible,policies,high
what is loss of use coverage explained,coverage,medium
does home insurance cover mold removal,claims,medium
how does home insurance replacement cost work,coverage,medium
actual cash value vs replacement cost explained,coverage,medium
does home insurance cover water damage,Does Insurance Cover,high
does home insurance cover mold,Does Insurance Cover,high
does home insurance cover a tree falling,Does Insurance Cover,medium
does home insurance cover foundation repair,Does Insurance Cover,medium
does home insurance cover a burst pipe,Does Insurance Cover,high
does home insurance cover theft,Does Insurance Cover,medium
how to file a home insurance claim for water damage,Filing a Claim,high
how long do you have to file a home insurance claim,Filing a Claim,medium
what to do if home insurance denies your claim,Filing a Claim,high
why did my home insurance premium go up,Premiums,high
